0 3.273128032684326
1 3.2177414894104004
2 3.185241460800171
3 3.1541824340820312
4 3.1234207153320312
5 3.090237855911255
6 3.056727647781372
7 3.016430616378784
8 2.9764404296875
9 2.9346840381622314
10 2.8876121044158936
11 2.8424484729766846
12 2.7931530475616455
13 2.7448978424072266
14 2.6948132514953613
15 2.645207643508911
16 2.5976407527923584
17 2.5498626232147217
18 2.5022823810577393
19 2.457658052444458
20 2.413832902908325
21 2.369396209716797
22 2.3293404579162598
23 2.283534288406372
24 2.2428505420684814
25 2.201991319656372
26 2.164358615875244
27 2.122889757156372
28 2.0806257724761963
29 2.045123815536499
30 2.0033485889434814
31 1.9692474603652954
32 1.9298852682113647
33 1.897107720375061
34 1.8595796823501587
35 1.827033281326294
36 1.7959173917770386
37 1.7627909183502197
38 1.7339032888412476
39 1.7072395086288452
40 1.6747103929519653
41 1.6457688808441162
42 1.6187999248504639
43 1.5936474800109863
44 1.566014289855957
45 1.5367029905319214
46 1.512535810470581
47 1.4904588460922241
48 1.4625329971313477
49 1.439679741859436
50 1.415395975112915
51 1.3933380842208862
52 1.3706780672073364
53 1.3509626388549805
54 1.3301626443862915
55 1.3094089031219482
56 1.2891619205474854
57 1.2746434211730957
58 1.2513947486877441
59 1.232961654663086
60 1.2107850313186646
61 1.1969516277313232
62 1.1766114234924316
63 1.160163164138794
64 1.1420822143554688
65 1.1217199563980103
66 1.1130539178848267
67 1.09605872631073
68 1.0783286094665527
69 1.0615665912628174
70 1.0450317859649658
71 1.0315344333648682
72 1.0184210538864136
73 1.008656620979309
74 0.9877465963363647
75 0.9739027619361877
76 0.961832582950592
77 0.9513561725616455
78 0.9361473917961121
79 0.9242867231369019
80 0.9099886417388916
81 0.9049497842788696
82 0.8871791362762451
83 0.8719311356544495
84 0.8599902987480164
85 0.8591323494911194
