1 3.2365121841430664
2 3.181309461593628
3 3.148911952972412
4 3.1267335414886475
5 3.10745906829834
6 3.0899031162261963
7 3.0743629932403564
8 3.0578856468200684
9 3.043386697769165
10 3.027968645095825
11 3.0122861862182617
12 2.997570514678955
13 2.984575033187866
14 2.967555522918701
15 2.952547788619995
16 2.9371249675750732
17 2.922900915145874
18 2.910221815109253
19 2.894360303878784
20 2.881417989730835
21 2.8669772148132324
22 2.8527774810791016
23 2.8370473384857178
24 2.824277877807617
25 2.809232711791992
26 2.7933521270751953
27 2.7798008918762207
28 2.765702486038208
29 2.749779224395752
30 2.7352137565612793
31 2.722662925720215
32 2.7108139991760254
33 2.6942191123962402
34 2.6809051036834717
35 2.668304443359375
36 2.6561405658721924
37 2.645373821258545
38 2.6331517696380615
39 2.6222951412200928
40 2.6108040809631348
41 2.6007046699523926
42 2.5888965129852295
43 2.579296827316284
44 2.567911386489868
45 2.561455726623535
46 2.547990560531616
47 2.538482189178467
48 2.5306363105773926
49 2.5219314098358154
50 2.5128064155578613
51 2.504544496536255
52 2.4980239868164062
53 2.487253189086914
54 2.4808359146118164
55 2.473156690597534
56 2.4658360481262207
57 2.4587206840515137
58 2.44989013671875
59 2.442983627319336
60 2.4352500438690186
61 2.431537628173828
62 2.4230732917785645
63 2.4183475971221924
64 2.409437417984009
65 2.4049148559570312
66 2.3983583450317383
67 2.393970012664795
68 2.386141061782837
69 2.379260778427124
70 2.3717052936553955
71 2.3689165115356445
72 2.36240291595459
73 2.3562233448028564
74 2.3531129360198975
75 2.347961187362671
76 2.346782922744751
77 2.34096622467041
78 2.3306713104248047
79 2.3276751041412354
80 2.3210229873657227
81 2.3178696632385254
82 2.313152313232422
83 2.3068418502807617
84 2.3019473552703857
85 2.2984530925750732
86 2.297497034072876
87 2.288036823272705
88 2.2855496406555176
89 2.281625509262085
90 2.2766025066375732
91 2.2727458477020264
92 2.2717971801757812
93 2.2645585536956787
94 2.261925220489502
95 2.2590911388397217
96 2.255547046661377
97 2.246978759765625
98 2.2446889877319336
99 2.2413077354431152
100 2.2395949363708496
101 2.2347159385681152
102 2.229609489440918
103 2.225247383117676
104 2.2222907543182373
105 2.2182626724243164
106 2.2165660858154297
107 2.2114670276641846
108 2.2083678245544434
109 2.208193778991699
110 2.2020740509033203
111 2.198085308074951
112 2.197979211807251
113 2.1930365562438965
114 2.1937129497528076
115 2.186889410018921
116 2.182701826095581
117 2.1802937984466553
118 2.1780788898468018
119 2.177114725112915
120 2.1754729747772217
121 2.168670415878296
122 2.1669979095458984
123 2.162114143371582
124 2.161007881164551
125 2.158952474594116
126 2.154719591140747
127 2.150893449783325
128 2.1470372676849365
129 2.1438000202178955
130 2.1434967517852783
131 2.1405577659606934
132 2.1382832527160645
133 2.1363742351531982
134 2.1343698501586914
135 2.1331381797790527
136 2.1269686222076416
137 2.1241421699523926
138 2.123361825942993
139 2.119213104248047
140 2.116281032562256
141 2.113234758377075
142 2.1109297275543213
143 2.108917236328125
144 2.106686592102051
145 2.104487419128418
146 2.1013948917388916
147 2.097891092300415
148 2.09940767288208
149 2.0965583324432373
150 2.094029664993286
