0 3.117290735244751
1 2.7610576152801514
2 2.5651347637176514
3 2.4231367111206055
4 2.304654359817505
5 2.194011926651001
6 2.0978853702545166
7 2.0107555389404297
8 1.9260154962539673
9 1.847748875617981
10 1.7701103687286377
11 1.7109378576278687
12 1.6445962190628052
13 1.5826817750930786
14 1.528265357017517
15 1.475422978401184
16 1.4198728799819946
17 1.3773425817489624
18 1.323536992073059
19 1.2821760177612305
20 1.2385401725769043
21 1.1979100704193115
22 1.161407709121704
23 1.123289704322815
24 1.0830907821655273
25 1.0529961585998535
26 1.0159919261932373
27 0.9843682646751404
28 0.9612671732902527
29 0.926434338092804
30 0.8953294157981873
31 0.8668698072433472
32 0.8441528081893921
33 0.8210036754608154
34 0.7930667996406555
35 0.7748109698295593
36 0.7473013997077942
37 0.724808931350708
38 0.7024453282356262
39 0.678594708442688
40 0.6601501703262329
41 0.6406983733177185
42 0.6222351789474487
43 0.602401614189148
44 0.5851088762283325
45 0.5665003657341003
46 0.5537050366401672
47 0.5380208492279053
48 0.5247785449028015
49 0.510573148727417
50 0.49022555351257324
51 0.47824087738990784
52 0.46290940046310425
53 0.4488014578819275
54 0.4357358515262604
55 0.4248645007610321
56 0.4129922389984131
57 0.4048433303833008
58 0.38933753967285156
59 0.37927478551864624
60 0.3669922649860382
61 0.3596339225769043
62 0.34923821687698364
63 0.3409777283668518
64 0.32886624336242676
65 0.3237687945365906
66 0.3152957260608673
67 0.30517756938934326
68 0.29906776547431946
69 0.2912794351577759
70 0.28268131613731384
71 0.2753603160381317
72 0.2693513035774231
73 0.26363903284072876
74 0.2573818266391754
75 0.252128928899765
76 0.2464544177055359
77 0.23924899101257324
78 0.23287762701511383
79 0.2266272008419037
80 0.22216595709323883
81 0.21920602023601532
