0 3.2692859172821045
1 3.259814500808716
2 3.252654790878296
3 3.247565269470215
4 3.2429754734039307
5 3.238744020462036
6 3.2344534397125244
7 3.229715347290039
8 3.2252490520477295
9 3.21984601020813
10 3.215083122253418
11 3.209408760070801
12 3.2017650604248047
13 3.1945245265960693
14 3.18709397315979
15 3.1792280673980713
16 3.1691625118255615
17 3.159400463104248
18 3.149756669998169
19 3.1396231651306152
20 3.128183364868164
21 3.116302967071533
22 3.1051583290100098
23 3.092607021331787
24 3.082136392593384
25 3.0686490535736084
26 3.056493043899536
27 3.0448930263519287
28 3.030379056930542
29 3.017897844314575
30 3.0056581497192383
31 2.990434169769287
32 2.9776315689086914
33 2.9661295413970947
34 2.9524073600769043
35 2.9396843910217285
36 2.9282267093658447
37 2.9145777225494385
38 2.9021832942962646
39 2.8897669315338135
40 2.878206968307495
41 2.8653743267059326
42 2.8536431789398193
43 2.8450515270233154
44 2.8319456577301025
45 2.8211259841918945
46 2.807753562927246
47 2.799818515777588
48 2.787137746810913
49 2.7761356830596924
50 2.7663662433624268
51 2.7553892135620117
52 2.747022867202759
53 2.7352547645568848
54 2.728376865386963
55 2.7158172130584717
56 2.705886125564575
57 2.6984786987304688
58 2.690274953842163
59 2.6812570095062256
60 2.671950578689575
61 2.665914297103882
62 2.6573989391326904
63 2.6480517387390137
64 2.640275001525879
65 2.632429838180542
66 2.6248326301574707
67 2.618769884109497
68 2.6124136447906494
69 2.606013059616089
70 2.5986011028289795
71 2.592595100402832
72 2.5886707305908203
73 2.5802085399627686
74 2.5732409954071045
75 2.567013740539551
76 2.560990810394287
77 2.557230234146118
78 2.552588939666748
79 2.5478432178497314
80 2.5427887439727783
81 2.5372374057769775
82 2.530306577682495
83 2.527089834213257
84 2.522019147872925
85 2.5201938152313232
86 2.5122570991516113
87 2.508694887161255
88 2.503854990005493
89 2.5005037784576416
90 2.4950129985809326
91 2.4925572872161865
92 2.487093925476074
93 2.4865939617156982
94 2.479294776916504
95 2.477843761444092
96 2.473602771759033
97 2.4701311588287354
98 2.467039108276367
99 2.4656386375427246
100 2.4610424041748047
101 2.4591686725616455
102 2.453047752380371
103 2.4493772983551025
104 2.4430649280548096
105 2.4421846866607666
106 2.4391744136810303
107 2.435781955718994
108 2.434568405151367
109 2.4289913177490234
110 2.4269912242889404
111 2.430995225906372
112 2.4253320693969727
113 2.4200010299682617
114 2.419484853744507
115 2.4138271808624268
116 2.4097585678100586
117 2.409830093383789
118 2.405376434326172
119 2.4017117023468018
120 2.399242877960205
121 2.404174327850342
122 2.3939645290374756
123 2.3903648853302
124 2.3894670009613037
125 2.3867108821868896
126 2.3826563358306885
