0 3.1817195415496826
1 2.9777591228485107
2 2.861551523208618
3 2.771993398666382
4 2.6919214725494385
5 2.6177752017974854
6 2.546719789505005
7 2.4753129482269287
8 2.413905143737793
9 2.346356153488159
10 2.283447504043579
11 2.2290115356445312
12 2.1603646278381348
13 2.101555824279785
14 2.0474274158477783
15 1.9884626865386963
16 1.9398200511932373
17 1.8855596780776978
18 1.833835244178772
19 1.7882121801376343
20 1.7393571138381958
21 1.6935535669326782
22 1.6560131311416626
23 1.6126878261566162
24 1.5792627334594727
25 1.5353641510009766
26 1.502333641052246
27 1.4695760011672974
28 1.434653639793396
29 1.4035553932189941
30 1.371360182762146
31 1.3425989151000977
32 1.3119868040084839
33 1.2895867824554443
34 1.2619489431381226
35 1.2390321493148804
36 1.2160460948944092
37 1.186137080192566
38 1.1654746532440186
39 1.1476516723632812
40 1.1247056722640991
41 1.1039643287658691
42 1.0856831073760986
43 1.0665338039398193
44 1.049521565437317
45 1.028051495552063
46 1.0150877237319946
47 0.998088538646698
48 0.9793849587440491
49 0.9619811177253723
50 0.9462466239929199
51 0.9312084317207336
52 0.9151043891906738
53 0.9004698991775513
54 0.8889641761779785
55 0.8760865330696106
56 0.8626353144645691
57 0.8477678894996643
58 0.8355510234832764
59 0.825347363948822
60 0.8127005696296692
61 0.8008688688278198
62 0.7880999445915222
63 0.7810612320899963
64 0.7708825469017029
65 0.7543653249740601
66 0.7446321845054626
67 0.7344286441802979
68 0.7221871018409729
69 0.7137711048126221
70 0.7023072838783264
71 0.6917442679405212
72 0.6818061470985413
73 0.6749780178070068
74 0.665523886680603
75 0.6551709175109863
