0 3.2413833141326904
1 3.1861767768859863
2 3.1566669940948486
3 3.1353001594543457
4 3.1166632175445557
5 3.0986363887786865
6 3.082286834716797
7 3.065462827682495
8 3.0521090030670166
9 3.0326180458068848
10 3.016620397567749
11 3.004349946975708
12 2.9851715564727783
13 2.970137119293213
14 2.954390525817871
15 2.9382152557373047
16 2.922729015350342
17 2.9057886600494385
18 2.8915038108825684
19 2.877790927886963
20 2.861377716064453
21 2.8472578525543213
22 2.832329273223877
23 2.8184597492218018
24 2.8066368103027344
25 2.792097806930542
26 2.7762553691864014
27 2.7629852294921875
28 2.7516956329345703
29 2.736722230911255
30 2.7276546955108643
31 2.7118170261383057
32 2.698089361190796
33 2.685786247253418
34 2.6747448444366455
35 2.6627395153045654
36 2.650386333465576
37 2.6408634185791016
38 2.6309125423431396
39 2.618109703063965
40 2.6086299419403076
41 2.597388744354248
42 2.588266372680664
43 2.579000473022461
44 2.5673084259033203
45 2.559955596923828
46 2.5497143268585205
47 2.543156385421753
48 2.5334033966064453
49 2.525270700454712
50 2.516392469406128
51 2.507112503051758
52 2.4985599517822266
53 2.4933810234069824
54 2.483839988708496
55 2.476884365081787
56 2.470456123352051
57 2.4621641635894775
58 2.4546546936035156
59 2.4486584663391113
60 2.4411277770996094
61 2.4345381259918213
62 2.4293394088745117
63 2.419902801513672
64 2.4136693477630615
65 2.411656618118286
66 2.399986982345581
67 2.3976006507873535
68 2.3911733627319336
69 2.3818938732147217
70 2.3757851123809814
71 2.368604898452759
72 2.362539768218994
73 2.3593454360961914
74 2.3535263538360596
75 2.345539093017578
76 2.340141534805298
77 2.3345513343811035
78 2.3287196159362793
79 2.3237221240997314
80 2.3189053535461426
81 2.3167645931243896
82 2.307835102081299
83 2.3067004680633545
84 2.298098087310791
85 2.295292854309082
86 2.28855299949646
87 2.2866909503936768
88 2.279547691345215
89 2.276702642440796
90 2.2692291736602783
91 2.265467882156372
92 2.2642931938171387
93 2.2577521800994873
94 2.254737138748169
95 2.2498855590820312
96 2.2493045330047607
97 2.241138219833374
98 2.238732099533081
99 2.2334227561950684
100 2.23002290725708
101 2.227094888687134
102 2.2230641841888428
103 2.220919132232666
104 2.215719223022461
105 2.210679531097412
106 2.208916664123535
107 2.2053823471069336
108 2.200234889984131
109 2.1971194744110107
110 2.192375659942627
111 2.1908912658691406
112 2.1871590614318848
113 2.182170867919922
114 2.1801059246063232
115 2.1775362491607666
116 2.1767079830169678
117 2.1704697608947754
118 2.1664187908172607
119 2.163184642791748
120 2.1628475189208984
121 2.1609418392181396
