0 3.2712793350219727
1 3.258700370788574
2 3.2509303092956543
3 3.2450082302093506
4 3.239943265914917
5 3.2347092628479004
6 3.229297637939453
7 3.223109483718872
8 3.21513032913208
9 3.207120180130005
10 3.1968486309051514
11 3.1857552528381348
12 3.174818277359009
13 3.1619114875793457
14 3.149369478225708
15 3.135247230529785
16 3.1228926181793213
17 3.1068508625030518
18 3.092031478881836
19 3.078322649002075
20 3.064577341079712
21 3.0511438846588135
22 3.038532257080078
23 3.028848648071289
24 3.01385760307312
25 3.0029232501983643
26 2.9910757541656494
27 2.9807000160217285
28 2.9706573486328125
29 2.962355613708496
30 2.951134204864502
31 2.941809892654419
32 2.9334285259246826
33 2.9234020709991455
34 2.9143333435058594
35 2.9068217277526855
36 2.9001047611236572
37 2.8919053077697754
38 2.8865981101989746
39 2.8797178268432617
40 2.8727834224700928
41 2.865835428237915
42 2.8586409091949463
43 2.852562189102173
44 2.846069812774658
45 2.840040445327759
46 2.8328068256378174
47 2.8281936645507812
48 2.8210084438323975
49 2.8180932998657227
50 2.810844898223877
51 2.8062939643859863
52 2.799116373062134
53 2.794968605041504
54 2.7880241870880127
55 2.782703161239624
56 2.7791731357574463
57 2.772610902786255
58 2.7749407291412354
59 2.7631447315216064
60 2.7575063705444336
61 2.7548115253448486
62 2.7470502853393555
63 2.7428829669952393
64 2.7395052909851074
65 2.7332372665405273
66 2.732039451599121
67 2.7245302200317383
68 2.720768928527832
69 2.7161426544189453
70 2.714402198791504
71 2.708246946334839
72 2.7045671939849854
73 2.6997251510620117
74 2.6923091411590576
75 2.6892013549804688
76 2.686448097229004
77 2.6822071075439453
