0 3.173031806945801
1 2.9633333683013916
2 2.8661317825317383
3 2.779672622680664
4 2.703935384750366
5 2.6324479579925537
6 2.5607690811157227
7 2.4948670864105225
8 2.4276435375213623
9 2.3679330348968506
10 2.3093745708465576
11 2.2528765201568604
12 2.1882035732269287
13 2.1356818675994873
14 2.0808675289154053
15 2.0308609008789062
16 1.974202036857605
17 1.926676869392395
18 1.8748968839645386
19 1.8284273147583008
20 1.7868365049362183
21 1.7427657842636108
22 1.7020342350006104
23 1.6574687957763672
24 1.6142992973327637
25 1.5764307975769043
26 1.5423970222473145
27 1.5098915100097656
28 1.4712510108947754
29 1.4369322061538696
30 1.4036474227905273
31 1.3759063482284546
32 1.34183931350708
33 1.3191351890563965
34 1.2881580591201782
35 1.2589243650436401
36 1.2346941232681274
37 1.2047510147094727
38 1.1788783073425293
39 1.153885006904602
40 1.1321542263031006
41 1.1113040447235107
42 1.0914487838745117
43 1.0632520914077759
44 1.0422016382217407
45 1.019359827041626
46 1.002246379852295
47 0.9856149554252625
48 0.9679350256919861
49 0.9463033080101013
50 0.9308598637580872
51 0.9097234606742859
52 0.895746111869812
53 0.8778843283653259
54 0.863182008266449
55 0.8447544574737549
56 0.8335638642311096
57 0.8176032900810242
58 0.8050234913825989
59 0.793377697467804
60 0.7807544469833374
61 0.7698367834091187
62 0.7518802881240845
63 0.7394775748252869
64 0.725896954536438
65 0.7128721475601196
66 0.7016635537147522
67 0.6936241984367371
68 0.6802073121070862
69 0.6710663437843323
70 0.6571550369262695
71 0.6533593535423279
72 0.638164222240448
73 0.6256899237632751
74 0.6175975203514099
