0 3.2539889812469482
1 3.187086820602417
2 3.147458076477051
3 3.1108481884002686
4 3.0702943801879883
5 3.028470039367676
6 2.983762741088867
7 2.9382684230804443
8 2.8910906314849854
9 2.843611240386963
10 2.7992563247680664
11 2.7521915435791016
12 2.705012559890747
13 2.658653736114502
14 2.6135995388031006
15 2.569244384765625
16 2.5239129066467285
17 2.4814400672912598
18 2.436380624771118
19 2.393979549407959
20 2.3514606952667236
21 2.3113176822662354
22 2.2674243450164795
23 2.233520030975342
24 2.187581777572632
25 2.149394989013672
26 2.113313674926758
27 2.0737764835357666
28 2.034578561782837
29 1.997883915901184
30 1.9619953632354736
31 1.9281198978424072
32 1.8960026502609253
33 1.8628007173538208
34 1.826557993888855
35 1.794536828994751
36 1.7663469314575195
37 1.7403849363327026
38 1.7008624076843262
39 1.670370101928711
40 1.6468725204467773
41 1.612871527671814
42 1.5886688232421875
43 1.563791275024414
44 1.5394823551177979
45 1.513808250427246
46 1.4881534576416016
47 1.459215521812439
48 1.4360748529434204
49 1.4183677434921265
50 1.397233247756958
51 1.371724247932434
52 1.3521088361740112
53 1.3309839963912964
54 1.313675045967102
55 1.2926253080368042
56 1.2730727195739746
57 1.2575569152832031
58 1.242035150527954
59 1.221841812133789
60 1.205946683883667
61 1.1907731294631958
62 1.1765403747558594
63 1.161401629447937
64 1.141259789466858
65 1.1286603212356567
66 1.1179970502853394
67 1.0994408130645752
68 1.0894781351089478
69 1.0731309652328491
70 1.0618516206741333
71 1.0480989217758179
72 1.0325326919555664
73 1.020799994468689
74 1.0087645053863525
75 0.9962345361709595
76 0.9825746417045593
77 0.9692994952201843
78 0.9617611765861511
79 0.9497426152229309
80 0.9406856298446655
81 0.9234781861305237
82 0.9154126048088074
83 0.9018042683601379
84 0.8896281719207764
85 0.8803368210792542
86 0.873725950717926
87 0.8606960773468018
