1 3.220344066619873
2 3.038729190826416
3 2.9182677268981934
4 2.8341410160064697
5 2.7642524242401123
6 2.6992599964141846
7 2.637348175048828
8 2.578711748123169
9 2.5253167152404785
10 2.47263765335083
11 2.418616771697998
12 2.372140645980835
13 2.330902576446533
14 2.2905263900756836
15 2.2478225231170654
16 2.204318046569824
17 2.169973611831665
18 2.1300675868988037
19 2.0910251140594482
20 2.0631353855133057
21 2.0267868041992188
22 1.997940182685852
23 1.9636279344558716
24 1.929308295249939
25 1.899126410484314
26 1.8710933923721313
27 1.8417001962661743
28 1.817555546760559
29 1.7877197265625
30 1.7632795572280884
31 1.7344292402267456
32 1.7102553844451904
33 1.6869128942489624
34 1.6624616384506226
35 1.6409207582473755
36 1.6145868301391602
37 1.5880035161972046
38 1.5665029287338257
39 1.5460454225540161
40 1.5260127782821655
41 1.5020533800125122
42 1.4809601306915283
43 1.4652823209762573
44 1.4445469379425049
45 1.4259486198425293
46 1.4007813930511475
47 1.3851498365402222
48 1.3663159608840942
49 1.3478295803070068
50 1.328691840171814
51 1.3114598989486694
52 1.295758843421936
53 1.279266595840454
54 1.2650012969970703
55 1.246886968612671
56 1.2353708744049072
57 1.215625524520874
58 1.2026607990264893
59 1.1852771043777466
60 1.1738042831420898
61 1.1652854681015015
62 1.144620418548584
63 1.133793592453003
64 1.120648980140686
65 1.108951449394226
66 1.0968618392944336
67 1.081328272819519
68 1.0728421211242676
69 1.065378189086914
70 1.0547120571136475
71 1.0382051467895508
72 1.0265629291534424
73 1.0140243768692017
74 1.0078892707824707
75 0.9921767115592957
76 0.9802634716033936
77 0.9767128229141235
78 0.962978720664978
79 0.9535021781921387
80 0.9474700689315796
81 0.9326758980751038
82 0.9242543578147888
83 0.9179859161376953
84 0.9056650996208191
85 0.8986124396324158
86 0.8882036209106445
87 0.8815497159957886
88 0.8743466138839722
89 0.864490807056427
90 0.8561919927597046
91 0.8482868075370789
92 0.8408302664756775
93 0.8315868377685547
94 0.8287513852119446
95 0.8175100684165955
96 0.81154465675354
97 0.802415668964386
98 0.7969084978103638
99 0.7935278415679932
100 0.7827187180519104
101 0.7740415334701538
102 0.7676786780357361
103 0.7581039667129517
104 0.7529159188270569
105 0.748820960521698
106 0.7449865341186523
107 0.7339330315589905
108 0.7275180816650391
109 0.7241327166557312
110 0.714006245136261
111 0.7111456990242004
112 0.7041223645210266
113 0.6966924667358398
114 0.6891955137252808
115 0.6845186352729797
116 0.6770259737968445
117 0.6702402234077454
118 0.6675398349761963
119 0.6571645736694336
120 0.662528395652771
121 0.6538195610046387
122 0.6447922587394714
123 0.6512122750282288
124 0.6340447664260864
125 0.6291075944900513
126 0.6259931325912476
127 0.6231148838996887
128 0.6163612008094788
129 0.6067543029785156
130 0.6051533222198486
131 0.5979868769645691
132 0.595403790473938
133 0.5942103266716003
134 0.5875371098518372
135 0.5809993147850037
136 0.57548987865448
137 0.5743674039840698
138 0.5655279755592346
139 0.5607515573501587
140 0.5584957599639893
141 0.5552381277084351
142 0.5542939901351929
143 0.5515810251235962
144 0.5424822568893433
145 0.5379436612129211
146 0.5333865880966187
147 0.529476523399353
148 0.5280539989471436
149 0.5233912467956543
150 0.5228191018104553
