1 3.251401662826538
2 3.2098801136016846
3 3.179466724395752
4 3.1566226482391357
5 3.1379997730255127
6 3.1219162940979004
7 3.1028339862823486
8 3.0867185592651367
9 3.0698609352111816
10 3.0543787479400635
11 3.039203643798828
12 3.025299310684204
13 3.0101287364959717
14 2.997753381729126
15 2.979823350906372
16 2.964031219482422
17 2.9486327171325684
18 2.9333536624908447
19 2.9202964305877686
20 2.9038426876068115
21 2.8894853591918945
22 2.876387596130371
23 2.8611066341400146
24 2.8478004932403564
25 2.835928201675415
26 2.8212411403656006
27 2.807246208190918
28 2.794694423675537
29 2.780212163925171
30 2.7694590091705322
31 2.7583014965057373
32 2.748166799545288
33 2.7332980632781982
34 2.723243236541748
35 2.7116050720214844
36 2.7020905017852783
37 2.691711187362671
38 2.6812286376953125
39 2.670698642730713
40 2.66164231300354
41 2.6505026817321777
42 2.6419219970703125
43 2.633354902267456
44 2.624131917953491
45 2.615720510482788
46 2.607942581176758
47 2.598083257675171
48 2.589031219482422
49 2.5813519954681396
50 2.5733258724212646
51 2.5655345916748047
52 2.5587894916534424
53 2.5504231452941895
54 2.545433759689331
55 2.538304567337036
56 2.531862735748291
57 2.5270204544067383
58 2.517503499984741
59 2.513045310974121
60 2.50417423248291
61 2.4994773864746094
62 2.4931626319885254
63 2.4883008003234863
64 2.482196807861328
65 2.4780361652374268
66 2.4703168869018555
67 2.467146158218384
68 2.4599456787109375
69 2.4571495056152344
70 2.4498136043548584
71 2.4484095573425293
72 2.441575527191162
73 2.440704584121704
74 2.43135404586792
75 2.4301626682281494
76 2.4228055477142334
77 2.420598030090332
78 2.4146673679351807
79 2.4088234901428223
80 2.405749797821045
81 2.40191388130188
82 2.400500774383545
83 2.394474983215332
84 2.3913018703460693
85 2.386698007583618
86 2.3830296993255615
87 2.380685567855835
88 2.375046730041504
89 2.370742082595825
90 2.3685529232025146
91 2.3644165992736816
92 2.3657734394073486
93 2.3595962524414062
94 2.3565850257873535
95 2.351410388946533
96 2.3533577919006348
97 2.348569869995117
98 2.343970775604248
99 2.340677499771118
100 2.339635133743286
101 2.336407423019409
102 2.3306851387023926
103 2.3295795917510986
104 2.328319549560547
105 2.3234574794769287
106 2.319896697998047
107 2.317373037338257
108 2.3129146099090576
109 2.3140244483947754
110 2.3116273880004883
111 2.3068768978118896
112 2.3066394329071045
113 2.304309368133545
114 2.2998366355895996
115 2.298086643218994
116 2.295159101486206
117 2.292322874069214
118 2.296123504638672
119 2.2886109352111816
120 2.2862002849578857
121 2.2837626934051514
122 2.285670042037964
123 2.279256582260132
124 2.2780048847198486
125 2.275156021118164
126 2.27445125579834
127 2.273805618286133
128 2.2690889835357666
129 2.2670066356658936
130 2.267134666442871
131 2.2655413150787354
132 2.261638641357422
133 2.2648487091064453
134 2.262023448944092
135 2.255615711212158
136 2.2578372955322266
137 2.25131893157959
138 2.252030849456787
139 2.2495346069335938
140 2.251840353012085
141 2.24478816986084
142 2.243086099624634
143 2.2460711002349854
144 2.2418997287750244
145 2.2413458824157715
146 2.243224859237671
147 2.2363693714141846
148 2.2327756881713867
149 2.2332918643951416
150 2.230346202850342
