1 3.2644312381744385
2 3.2132725715637207
3 3.176720142364502
4 3.1474697589874268
5 3.1173391342163086
6 3.0841028690338135
7 3.049734115600586
8 3.0138742923736572
9 2.9761898517608643
10 2.9378204345703125
11 2.8961946964263916
12 2.8565890789031982
13 2.8152763843536377
14 2.7743465900421143
15 2.7323827743530273
16 2.6900742053985596
17 2.6497645378112793
18 2.6098885536193848
19 2.5688977241516113
20 2.5334112644195557
21 2.4939098358154297
22 2.452261447906494
23 2.4191572666168213
24 2.3793718814849854
25 2.3453872203826904
26 2.315800428390503
27 2.28287410736084
28 2.247812271118164
29 2.2208125591278076
30 2.1906776428222656
31 2.1587765216827393
32 2.130125045776367
33 2.1030421257019043
34 2.080915689468384
35 2.049290180206299
36 2.025693655014038
37 1.9990123510360718
38 1.9743614196777344
39 1.951795220375061
40 1.9340976476669312
41 1.908664345741272
42 1.8902114629745483
43 1.8624190092086792
44 1.840299367904663
45 1.824570655822754
46 1.8000452518463135
47 1.779488205909729
48 1.7609050273895264
49 1.7427785396575928
50 1.7235958576202393
51 1.7000784873962402
52 1.687759518623352
53 1.6639286279678345
54 1.6560111045837402
55 1.6337521076202393
56 1.6161431074142456
57 1.6028647422790527
58 1.5846433639526367
59 1.5724334716796875
60 1.5604820251464844
61 1.5382821559906006
62 1.528371810913086
63 1.5111511945724487
64 1.5008798837661743
65 1.4926209449768066
66 1.4745306968688965
67 1.4578226804733276
68 1.44794762134552
69 1.4329160451889038
70 1.4246563911437988
71 1.4193466901779175
72 1.397642731666565
73 1.3876985311508179
74 1.3749874830245972
75 1.3699538707733154
76 1.353163480758667
77 1.342742681503296
78 1.3379755020141602
79 1.320697546005249
80 1.3115054368972778
81 1.3005754947662354
82 1.2908920049667358
83 1.2751697301864624
84 1.2695915699005127
85 1.2599636316299438
86 1.2456746101379395
87 1.234641194343567
88 1.229646921157837
89 1.2217371463775635
90 1.2073626518249512
91 1.197477102279663
92 1.183602213859558
93 1.1757874488830566
94 1.1664997339248657
95 1.1633507013320923
96 1.1490020751953125
97 1.1381468772888184
98 1.1310464143753052
99 1.1242220401763916
100 1.1119937896728516
101 1.1060702800750732
102 1.0964573621749878
103 1.0851898193359375
104 1.0766617059707642
105 1.0707411766052246
106 1.0668209791183472
107 1.0577763319015503
108 1.0482882261276245
109 1.0420478582382202
110 1.0389868021011353
111 1.035284399986267
112 1.0227000713348389
113 1.0073933601379395
114 0.999424934387207
115 0.9953499436378479
116 0.9931672811508179
117 0.9807152152061462
118 0.9800209403038025
119 0.9656344056129456
120 0.9583033323287964
121 0.956906259059906
122 0.9388294219970703
123 0.9371515512466431
124 0.9260920882225037
125 0.9180499911308289
126 0.9134545922279358
127 0.9114493727684021
128 0.8995654582977295
129 0.8954167366027832
130 0.8832882642745972
131 0.8751022815704346
132 0.8713088035583496
133 0.8651725649833679
134 0.8603076934814453
135 0.8499977588653564
136 0.8440625667572021
137 0.8437045812606812
138 0.8307753205299377
139 0.8249720335006714
140 0.821467399597168
141 0.8154711127281189
142 0.8045962452888489
143 0.8020398616790771
144 0.7967659831047058
145 0.795186460018158
146 0.7805112600326538
147 0.7752705812454224
148 0.7712864279747009
149 0.7628994584083557
150 0.7592036724090576
