1 3.2684552669525146
2 3.2603771686553955
3 3.248788356781006
4 3.240236520767212
5 3.2338147163391113
6 3.2272250652313232
7 3.220334768295288
8 3.213634967803955
9 3.2068986892700195
10 3.198420524597168
11 3.190833806991577
12 3.1822009086608887
13 3.173624277114868
14 3.164360284805298
15 3.1553125381469727
16 3.146610736846924
17 3.137519121170044
18 3.128040313720703
19 3.1197702884674072
20 3.1133627891540527
21 3.099989414215088
22 3.0903613567352295
23 3.0804762840270996
24 3.0702545642852783
25 3.0590434074401855
26 3.048917055130005
27 3.037992477416992
28 3.0283498764038086
29 3.0182673931121826
30 3.0080766677856445
31 2.9981985092163086
32 2.9892966747283936
33 2.9800631999969482
34 2.970637321472168
35 2.961181640625
36 2.9521944522857666
37 2.944788932800293
38 2.9354329109191895
39 2.9292147159576416
40 2.9202029705047607
41 2.910590171813965
42 2.905313491821289
43 2.895094633102417
44 2.888054132461548
45 2.8805911540985107
46 2.8732261657714844
47 2.8657186031341553
48 2.858628034591675
49 2.85020112991333
50 2.8450064659118652
51 2.836376428604126
52 2.829735040664673
53 2.8211915493011475
54 2.8159995079040527
55 2.807003974914551
56 2.8002216815948486
57 2.8007471561431885
58 2.7852942943573
59 2.778245449066162
60 2.7705812454223633
61 2.7632875442504883
62 2.7552144527435303
63 2.749976396560669
64 2.7420265674591064
65 2.7338781356811523
66 2.7272369861602783
67 2.7227845191955566
68 2.719785451889038
69 2.708678960800171
70 2.7019999027252197
71 2.6945369243621826
72 2.6869430541992188
73 2.681861162185669
74 2.6749918460845947
75 2.668654680252075
76 2.6614253520965576
77 2.6559484004974365
78 2.6494126319885254
79 2.6435768604278564
80 2.6403424739837646
81 2.6320106983184814
82 2.6274561882019043
83 2.624343156814575
84 2.615889072418213
85 2.6115338802337646
86 2.6065943241119385
87 2.603093147277832
88 2.5978176593780518
89 2.593308210372925
90 2.588176965713501
91 2.582674026489258
92 2.5785012245178223
93 2.574730396270752
94 2.5720179080963135
95 2.567551612854004
96 2.560516119003296
97 2.5566039085388184
98 2.5528314113616943
99 2.5506982803344727
100 2.547673463821411
101 2.541480779647827
102 2.5418448448181152
103 2.533392906188965
104 2.530339002609253
105 2.526904582977295
106 2.5232715606689453
107 2.521599769592285
108 2.518061637878418
109 2.514878034591675
110 2.5104293823242188
111 2.510213851928711
112 2.5049211978912354
113 2.5046091079711914
114 2.49993896484375
115 2.5008132457733154
116 2.4938905239105225
117 2.4925010204315186
118 2.489008665084839
119 2.4849681854248047
120 2.4846150875091553
121 2.479614734649658
122 2.478975296020508
123 2.4766035079956055
124 2.4726758003234863
125 2.4697980880737305
126 2.4687342643737793
127 2.465625524520874
128 2.4633703231811523
129 2.462015390396118
130 2.4632492065429688
131 2.459402084350586
132 2.4571588039398193
133 2.4546549320220947
134 2.4507744312286377
135 2.4479660987854004
136 2.4476382732391357
137 2.4453516006469727
138 2.4457037448883057
139 2.442563772201538
140 2.439624309539795
141 2.4400196075439453
142 2.4356887340545654
143 2.433912515640259
144 2.4327774047851562
145 2.429828643798828
146 2.4274234771728516
147 2.4270424842834473
148 2.4271137714385986
149 2.4257962703704834
150 2.4229464530944824
151 2.42022967338562
152 2.422191858291626
153 2.417958974838257
154 2.416811466217041
155 2.414024829864502
156 2.411770820617676
157 2.4128801822662354
158 2.412240505218506
159 2.409306287765503
160 2.409372329711914
161 2.406856060028076
162 2.403860330581665
163 2.4021799564361572
164 2.4010603427886963
165 2.3990817070007324
166 2.396555185317993
167 2.3954904079437256
168 2.3984782695770264
169 2.398470640182495
170 2.393141984939575
171 2.389666795730591
172 2.3890295028686523
173 2.3893771171569824
174 2.38494610786438
175 2.383206605911255
176 2.3813393115997314
177 2.3763973712921143
178 2.375589609146118
179 2.3751792907714844
180 2.3751637935638428
181 2.3666093349456787
182 2.3653271198272705
183 2.364905595779419
184 2.3607757091522217
185 2.35898494720459
186 2.3573601245880127
187 2.3564586639404297
188 2.3515946865081787
189 2.3505406379699707
190 2.3487637042999268
191 2.3532357215881348
192 2.347679376602173
193 2.343602418899536
194 2.3396873474121094
195 2.341191530227661
196 2.344912052154541
197 2.3362278938293457
198 2.3396973609924316
199 2.3403713703155518
200 2.3315770626068115
