1 3.2547993659973145
2 3.207341432571411
3 3.1192214488983154
4 3.007559061050415
5 2.8996241092681885
6 2.7978572845458984
7 2.731030225753784
8 2.6815614700317383
9 2.623499870300293
10 2.591158390045166
11 2.5572900772094727
12 2.5326900482177734
13 2.5114994049072266
14 2.4987716674804688
15 2.471665143966675
16 2.4624991416931152
17 2.437122344970703
18 2.4145874977111816
19 2.4260873794555664
20 2.3896517753601074
21 2.3770968914031982
22 2.365633010864258
23 2.3702456951141357
24 2.3579115867614746
25 2.3348803520202637
26 2.3252058029174805
27 2.335247278213501
28 2.3156933784484863
29 2.303053140640259
30 2.305351495742798
31 2.302945375442505
32 2.2949728965759277
33 2.2840216159820557
34 2.271502733230591
35 2.273204803466797
36 2.2735648155212402
37 2.265852689743042
38 2.267117738723755
39 2.2616591453552246
40 2.2743515968322754
41 2.2608120441436768
42 2.254572868347168
43 2.2412893772125244
44 2.2502763271331787
45 2.243403196334839
46 2.2291412353515625
47 2.219512939453125
48 2.219892978668213
49 2.211182117462158
50 2.214999198913574
51 2.2077174186706543
52 2.2097296714782715
53 2.1969146728515625
54 2.230963706970215
55 2.198448896408081
56 2.188112735748291
57 2.1896331310272217
58 2.1855080127716064
59 2.171394109725952
60 2.17708683013916
61 2.1688759326934814
62 2.1623504161834717
63 2.170154571533203
64 2.179128408432007
65 2.164006233215332
66 2.1506855487823486
67 2.1567068099975586
68 2.143916130065918
69 2.133183240890503
70 2.1308586597442627
71 2.1320531368255615
72 2.133047342300415
73 2.143282890319824
74 2.1372368335723877
75 2.108041286468506
76 2.1116960048675537
77 2.0969650745391846
78 2.0889639854431152
79 2.0993549823760986
80 2.099527597427368
81 2.08406138420105
82 2.078507900238037
83 2.0864040851593018
84 2.0839076042175293
85 2.072664499282837
86 2.067514181137085
87 2.0591142177581787
88 2.0666918754577637
89 2.0658390522003174
90 2.0576491355895996
91 2.033522367477417
92 2.033722162246704
93 2.0440125465393066
94 2.0552096366882324
95 2.0366861820220947
96 2.031508445739746
97 2.0229990482330322
98 2.028050184249878
99 2.0502970218658447
100 2.0101375579833984
101 2.0095298290252686
102 2.0042781829833984
103 2.0097005367279053
104 1.9915906190872192
105 1.9860464334487915
106 1.9998629093170166
107 1.9963301420211792
108 1.9856809377670288
109 1.9909414052963257
110 1.9851638078689575
111 1.9618347883224487
112 1.9913907051086426
113 1.9775052070617676
114 1.9821226596832275
115 1.9509062767028809
116 1.9487099647521973
117 1.978800892829895
118 1.9317699670791626
119 1.9360945224761963
120 1.9311596155166626
121 1.9264918565750122
122 1.9355756044387817
123 1.9414669275283813
124 1.9484374523162842
125 1.9298509359359741
126 1.921427607536316
127 1.9001343250274658
128 1.9131577014923096
129 1.8972941637039185
130 1.901347279548645
131 1.9106407165527344
132 1.9198031425476074
133 1.9220870733261108
134 1.9122360944747925
135 1.883374571800232
136 1.8916178941726685
137 1.882520079612732
138 1.879731297492981
139 1.8672449588775635
140 1.8621875047683716
141 1.8783601522445679
142 1.881143569946289
143 1.8781852722167969
144 1.870500087738037
145 1.8787862062454224
146 1.8645524978637695
147 1.8574620485305786
148 1.858609914779663
149 1.8902815580368042
150 1.8877071142196655
