0 3.1989901065826416
1 2.918774366378784
2 2.706017017364502
3 2.551443099975586
4 2.41536545753479
5 2.2961010932922363
6 2.185983419418335
7 2.083123207092285
8 1.9881961345672607
9 1.9072386026382446
10 1.827175259590149
11 1.7488489151000977
12 1.6822259426116943
13 1.6138468980789185
14 1.5598325729370117
15 1.4969922304153442
16 1.45046865940094
17 1.403114676475525
18 1.3516218662261963
19 1.31069016456604
20 1.2760995626449585
21 1.2423697710037231
22 1.1991981267929077
23 1.1699124574661255
24 1.1356112957000732
25 1.103156328201294
26 1.070340633392334
27 1.0459946393966675
28 1.0174976587295532
29 0.9903786778450012
30 0.9674743413925171
31 0.9478229880332947
32 0.9189996719360352
33 0.8965579271316528
34 0.8847811222076416
35 0.8574110865592957
36 0.8446317911148071
37 0.8233334422111511
38 0.7974682450294495
39 0.7839555740356445
40 0.7671346664428711
41 0.7487441897392273
42 0.7334346175193787
43 0.7145510315895081
44 0.7012271285057068
45 0.6846175789833069
46 0.6696949005126953
47 0.6565591096878052
48 0.6428337097167969
49 0.6310517191886902
50 0.6198726892471313
51 0.603576123714447
52 0.5891609787940979
53 0.5808234810829163
54 0.5654396414756775
55 0.5533255934715271
56 0.5411844849586487
57 0.5339915156364441
58 0.5202106833457947
59 0.5187875628471375
60 0.5051131248474121
61 0.49379962682724
62 0.48414677381515503
63 0.4737400412559509
64 0.4659760594367981
65 0.4552713632583618
66 0.4444288909435272
67 0.4401593506336212
68 0.43142473697662354
69 0.4246641993522644
70 0.415804386138916
71 0.40942561626434326
